3
18
16
8 11 13
2 1 1 1 1 1 1 1 1 1 1 1 1 1 1 1 
1 1 1 1 0 1 1 1 1 1 1 1 1 1 1 1 
1 1 1 1 1 1 1 1 1 1 1 1 1 1 1 1 
1 1 1 1 1 1 1 1 1 1 1 1 1 1 1 2 
1 1 1 1 1 1 1 1 1 0 1 1 1 1 1 1 
1 1 1 1 1 1 1 1 1 1 0 1 1 1 1 1 
1 1 1 0 1 1 1 1 1 0 1 1 1 1 1 1 
1 1 1 2 1 1 1 2 1 0 1 0 1 1 1 1 
1 0 1 1 1 1 1 1 1 1 1 1 1 1 1 1 
1 1 1 1 1 1 1 1 1 1 1 1 1 1 1 1 
1 1 1 1 1 1 1 1 1 1 1 2 1 1 1 1 
1 1 1 1 1 1 1 1 1 1 1 1 1 1 2 1 
1 0 1 1 1 1 1 1 1 1 1 1 1 1 1 1 
1 1 1 1 1 1 1 1 1 1 1 1 1 1 1 1 
1 1 1 1 2 1 1 1 1 1 1 1 1 1 1 1 
1 1 1 1 1 1 1 1 1 1 1 1 1 1 1 1 
1 1 1 1 1 1 1 1 1 2 1 1 1 1 1 1 
1 1 1 1 1 1 1 1 1 1 0 1 1 1 1 1 
