6
25
25
13 17 15 14 16 11
2 1 1 0 1 1 1 0 1 0 1 1 1 0 1 1 1 1 1 1 1 1 1 1 1 
1 1 1 1 1 0 1 0 1 1 1 1 1 0 0 1 1 1 1 1 1 1 1 1 0 
0 1 1 1 1 0 1 1 2 1 1 1 0 1 2 1 1 1 1 1 1 1 1 1 0 
1 1 1 1 1 1 1 1 1 1 2 1 1 1 1 1 2 0 0 1 1 1 1 1 1 
2 1 1 1 1 1 1 1 0 0 1 1 1 1 0 1 1 0 0 1 1 0 1 1 1 
1 1 1 1 1 1 1 1 1 1 1 0 0 1 0 1 1 1 1 1 1 1 1 0 1 
1 1 1 1 1 1 1 1 1 1 1 1 1 2 0 1 1 1 1 0 1 1 1 0 1 
1 1 1 1 1 1 1 1 1 1 0 1 0 1 1 1 1 2 1 0 1 1 1 1 1 
1 1 0 0 1 1 0 1 1 1 1 1 1 1 1 1 1 0 1 1 1 1 2 0 0 
1 1 1 1 1 0 1 1 0 2 1 1 1 1 0 0 1 1 1 0 1 1 1 1 1 
1 2 1 1 1 1 0 1 1 1 1 1 1 0 0 0 0 0 0 1 1 1 1 1 1 
1 1 1 1 1 1 0 1 1 1 1 1 1 2 1 1 1 0 1 1 0 0 1 1 1 
1 1 1 2 0 0 1 0 1 1 1 1 0 1 2 1 0 1 1 1 0 1 0 1 1 
1 1 1 1 1 1 1 1 1 1 1 1 1 1 1 1 1 1 1 2 1 0 1 0 1 
1 1 1 0 1 1 1 1 1 0 1 2 1 1 1 1 1 1 1 1 0 0 1 1 1 
0 1 1 1 1 1 0 0 0 1 1 1 1 1 1 0 1 1 1 1 1 0 1 2 0 
1 1 1 1 1 1 0 1 0 1 2 0 0 1 2 1 2 1 1 2 1 1 1 1 1 
1 0 1 1 1 1 1 1 0 1 1 1 1 1 1 1 1 2 0 1 1 1 1 1 1 
1 1 1 1 2 1 1 2 1 0 1 1 1 0 1 1 1 1 1 0 0 1 1 1 2 
1 0 1 1 1 0 1 1 2 0 0 1 1 1 1 1 0 1 1 1 1 1 1 0 1 
1 0 1 1 1 1 0 1 1 1 0 0 0 1 0 1 1 1 1 1 1 1 1 0 1 
1 1 0 1 1 1 1 1 0 1 0 0 0 1 1 1 1 1 1 0 1 1 1 1 1 
1 1 1 1 1 1 1 1 1 1 1 1 1 1 1 0 0 1 1 1 1 0 0 1 1 
1 1 1 2 1 0 1 1 1 0 1 1 1 1 1 1 1 2 1 1 1 1 2 1 0 
1 2 0 0 1 1 0 1 1 1 1 0 1 1 1 1 1 2 1 1 0 1 2 1 1 
