2
20
20
17 17
2 0 0 0 0 0 0 0 0 0 0 0 0 0 0 0 0 0 0 0
0 1 1 1 1 1 1 1 1 1 1 1 1 1 1 1 1 2 1 0
0 1 1 1 1 1 1 1 1 1 1 1 1 1 1 1 1 1 1 0
0 1 1 1 0 0 0 0 0 0 0 0 0 0 0 0 0 1 1 0
0 1 1 1 2 1 1 1 1 1 1 1 1 1 1 1 0 1 1 0
0 1 1 1 1 1 1 1 1 1 1 1 1 1 1 1 0 1 1 0
0 0 0 0 0 0 0 0 0 0 0 0 0 0 0 0 0 1 1 0
0 1 1 1 1 1 1 1 1 1 1 1 1 1 1 1 2 1 1 0
0 1 1 1 1 1 1 1 1 1 1 1 1 1 1 1 1 1 1 0
0 1 1 1 1 1 1 1 1 1 1 1 1 1 1 1 0 1 1 0
0 1 1 1 1 1 1 1 1 1 1 1 1 1 1 1 0 1 1 0
0 1 1 0 0 0 0 0 0 0 0 0 0 0 0 0 0 1 1 0
0 1 1 2 1 1 1 1 1 1 1 1 1 1 1 1 0 1 1 0
0 1 1 1 1 1 1 1 0 0 1 1 1 1 1 1 0 0 0 0
0 1 1 0 1 1 1 1 0 0 1 1 1 1 1 1 0 1 1 0
0 1 1 0 1 1 1 1 1 1 1 1 1 1 1 1 0 1 1 0
0 1 1 0 0 0 0 0 0 0 0 0 0 0 0 0 0 1 1 0
0 1 1 1 1 1 1 1 1 1 1 1 1 1 1 1 1 1 1 0
0 1 1 1 1 1 1 1 1 1 1 1 1 1 1 1 1 1 1 0
0 0 0 0 0 0 0 0 0 0 0 0 0 0 0 0 0 0 0 0
